250 175 => 250 225
200 175 => 200 225
300 175 => 300 225
250 275 => 250 325
200 275 => 200 325
300 275 => 300 325
200 225 => 225 250
300 275 => 275 250
200 275 => 250 225
250 275 => 300 225
250 375 => 200 325
300 325 => 250 375
250 125 => 200 175
300 175 => 250 125

200 175 => 200 225
150 175 => 150 225
250 175 => 250 225
200 275 => 200 325
150 275 => 150 325
250 275 => 250 325
150 225 => 175 250
250 275 => 225 250
150 275 => 200 225
200 275 => 250 225
200 375 => 150 325
250 325 => 200 375
200 125 => 150 175
250 175 => 200 125

300 175 => 300 225
250 175 => 250 225
350 175 => 350 225
300 275 => 300 325
250 275 => 250 325
350 275 => 350 325
250 225 => 275 250
350 275 => 325 250
250 275 => 300 225
300 275 => 350 225
300 375 => 250 325
350 325 => 300 375
300 125 => 250 175
350 175 => 300 125