250 175 => 250 225
200 175 => 200 225
300 175 => 300 225
250 275 => 250 325
200 275 => 200 325
300 275 => 300 325
200 225 => 225 250
300 275 => 275 250
200 275 => 250 225
250 275 => 300 225
250 375 => 200 325
300 325 => 250 375
250 125 => 200 175
300 175 => 250 125

125 175 => 125 225
75 175 => 75 225
175 175 => 175 225
125 275 => 125 325
75 275 => 75 325
175 275 => 175 325
75 225 => 100 250
175 275 => 150 250
75 275 => 125 225
125 275 => 175 225
125 375 => 75 325
175 325 => 125 375
125 125 => 75 175
175 175 => 125 125

375 175 => 375 225
325 175 => 325 225
425 175 => 425 225
375 275 => 375 325
325 275 => 325 325
425 275 => 425 325
325 225 => 350 250
425 275 => 400 250
325 275 => 375 225
375 275 => 425 225
375 375 => 325 325
425 325 => 375 375
375 125 => 325 175
425 175 => 375 125